1598497865 31
1598499378 83
1598504652 199
1600267572 198
1600485452 222
1600487003 222
1600492402 270
1600494854 396
1600495264 396
1606637251 396
1626006845 491
1626013939 552
1643703190 820
1643719994 821
1643723513 821
1643724461 821
1643727583 867
1654262195 885
1662476954 899
1665071960 903
1693329388 925
1693330671 949
1696002875 977
1716453063 1057
1716453094 1083
1735120361 1147
1735177383 1119
1735178871 1125
1735179789 1125
1735180961 1121
1735181063 1120
1735181744 1121
1735182820 1123
1735182937 99482
1735183054 979
1735183463 99482
1735183825 99487
1735184341 99493
1735184875 99495
1735198131 99495
1735198149 2130
1735198199 2130
